node_stack_top = 0.0, 0.05997, 0.0, 0.0, 1.0, 0.0, 1, 1
node_stack_bottom = 0.0, -0.03998, 0.0, 0.0, -1.0, 0.0, 1, 1
node_attach = 0.0, 0.05997, 0.0, 0.0, 0.625, 0.0, 1, 1

attachRules = 1,1,1,1,0
